,City,Latitude,Longitude,Max Temp,Humidity,Cloudiness,Wind Speed,Country,Date
0,port alfred,-33.59,26.89,64.49,44,0,9.73,ZA,1595466755
1,bubaque,11.28,-15.83,80.87,82,100,10.04,GW,1595466723
2,seoni malwa,22.45,77.47,80.06,81,100,3.69,IN,1595466755
3,bhanvad,21.93,69.77,80.92,84,94,8.72,IN,1595466755
4,san quintin,30.48,-115.95,67.86,76,35,16.13,MX,1595466756
5,karratha,-20.74,116.85,73.44,39,0,11.61,AU,1595466756
6,raahe,64.68,24.48,61.0,100,90,13.87,FI,1595466756
7,cockburn town,21.46,-71.14,83.61,78,19,22.7,TC,1595466756
8,albany,42.6,-73.97,72.0,91,100,3.44,US,1595466490
9,kizukuri,40.81,140.39,75.99,73,75,9.17,JP,1595466757
10,vaini,-21.2,-175.2,71.6,83,75,14.99,TO,1595466757
11,cabedelo,-6.98,-34.83,73.4,83,4,6.93,BR,1595466757
12,morro bay,35.37,-120.85,64.99,77,11,3.0,US,1595466757
13,chuy,-33.7,-53.46,64.17,94,100,6.55,UY,1595466758
14,chicama,-7.84,-79.15,61.72,81,0,7.18,PE,1595466758
15,barrow,71.29,-156.79,42.8,81,90,10.29,US,1595466536
16,arlit,18.74,7.39,92.53,34,0,11.63,NE,1595466758
17,tuktoyaktuk,69.45,-133.04,46.4,75,75,12.75,CA,1595466758
18,taltal,-25.4,-70.48,54.09,72,36,0.76,CL,1595466759
19,rikitea,-23.12,-134.97,66.94,65,100,14.67,PF,1595466759
20,fukue,32.69,128.84,80.6,94,75,8.05,JP,1595466759
21,mataura,-46.19,168.86,39.0,83,100,3.0,NZ,1595466759
22,hilo,19.73,-155.09,84.2,58,40,9.17,US,1595466760
23,hobart,-42.88,147.33,51.01,66,40,10.29,AU,1595466497
24,faanui,-16.48,-151.75,77.22,77,0,15.79,PF,1595466498
25,butaritari,3.07,172.79,83.21,77,86,14.97,KI,1595466760
26,clyde river,70.47,-68.59,46.4,81,90,3.36,CA,1595466760
27,puerto ayora,-0.74,-90.35,68.0,94,98,8.99,EC,1595466604
28,tuatapere,-46.13,167.68,39.0,83,81,3.0,NZ,1595466761
29,mahebourg,-20.41,57.7,69.8,52,75,17.22,MU,1595466761
30,coihaique,-45.58,-72.07,32.0,94,75,3.36,CL,1595466761
31,daloa,6.88,-6.45,70.83,98,94,4.0,CI,1595466761
32,carnarvon,-24.87,113.63,57.2,100,0,4.7,AU,1595466499
33,yellowknife,62.46,-114.35,64.99,93,75,6.93,CA,1595466493
34,jamestown,42.1,-79.24,73.99,94,90,4.7,US,1595466762
35,bethel,41.37,-73.41,75.2,88,40,5.82,US,1595466762
36,nikolskoye,59.7,30.79,55.4,76,40,8.95,RU,1595466762
37,cape town,-33.93,18.42,54.0,93,0,5.82,ZA,1595466763
38,fortuna,40.6,-124.16,60.01,93,90,9.17,US,1595466763
39,belokurikha,52.0,84.99,63.55,72,0,2.13,RU,1595466763
40,thompson,55.74,-97.86,75.2,57,75,4.7,CA,1595466763
41,pandan,14.05,124.17,86.22,67,47,6.6,PH,1595466764
42,saint george,37.1,-113.58,100.4,12,1,24.16,US,1595466521
43,east london,-33.02,27.91,63.95,32,0,8.55,ZA,1595466728
44,sitka,57.05,-135.33,60.8,77,90,4.65,US,1595466505
45,ozernovskiy,51.5,156.52,51.26,91,62,7.25,RU,1595466764
46,anadyr,64.75,177.48,59.0,58,27,11.18,RU,1595466764
47,demyanovo,60.35,47.08,55.71,96,24,4.74,RU,1595466765
48,port elizabeth,-33.92,25.57,51.8,100,20,2.24,ZA,1595466468
49,alice springs,-23.7,133.88,51.8,53,0,4.7,AU,1595466765
50,atuona,-9.8,-139.03,79.18,74,1,18.01,PF,1595466765
51,moussoro,13.64,16.49,84.42,62,62,12.33,TD,1595466765
52,saint-louis,16.33,-15.0,86.0,66,5,2.24,SN,1595466766
53,taozhuang,34.85,117.33,75.87,79,6,12.46,CN,1595466766
54,sinegorskiy,48.01,40.84,63.55,79,0,11.56,RU,1595466766
55,petatlan,17.52,-101.27,81.68,77,100,1.79,MX,1595466766
56,santa rosa,14.31,121.11,90.0,62,0,6.93,PH,1595466766
57,ushuaia,-54.8,-68.3,39.2,51,100,13.87,AR,1595466767
58,ponta do sol,32.67,-17.1,69.8,68,20,14.99,PT,1595466767
59,santa isabel do rio negro,-0.41,-65.02,73.71,89,97,1.99,BR,1595466767
60,lata,40.16,-8.33,69.01,96,0,1.21,PT,1595466767
61,mitsamiouli,-11.38,43.28,74.95,68,0,15.32,KM,1595466768
62,kapaa,22.08,-159.32,82.4,78,40,4.7,US,1595466768
63,dikson,73.51,80.55,39.83,92,98,8.9,RU,1595466768
64,okhotsk,59.38,143.3,62.28,57,0,8.99,RU,1595466768
65,buala,-8.14,159.59,84.61,71,21,11.92,SB,1595466768
66,awbari,26.59,12.78,76.24,26,0,7.31,LY,1595466510
67,ilulissat,69.22,-51.1,51.8,66,100,1.12,GL,1595466504
68,katsuura,35.13,140.3,80.01,87,100,1.01,JP,1595466770
69,yenagoa,4.92,6.26,73.94,94,64,3.56,NG,1595466770
70,georgetown,5.41,100.34,80.6,88,20,1.12,MY,1595466610
71,cherskiy,68.75,161.3,82.09,24,95,14.07,RU,1595466770
72,alihe,50.57,123.72,82.92,45,74,3.2,CN,1595466771
73,kruisfontein,-34.0,24.73,55.89,43,0,7.52,ZA,1595466771
74,port augusta,-32.5,137.77,52.0,100,0,3.36,AU,1595466771
75,khatanga,71.97,102.5,45.63,85,100,16.37,RU,1595466771
76,ust-kuyga,70.02,135.6,83.75,33,3,11.41,RU,1595466771
77,changping,40.22,116.22,84.0,64,0,5.01,CN,1595466523
78,torbay,47.67,-52.73,64.99,63,75,19.46,CA,1595466508
79,tautira,-17.73,-149.15,84.2,54,40,8.05,PF,1595466772
80,mount gambier,-37.83,140.77,46.4,93,90,6.93,AU,1595466772
81,berezovyy,51.67,135.7,63.16,76,100,3.33,RU,1595466772
82,wajid,3.81,43.25,71.53,70,21,24.65,SO,1595466773
83,faya,18.39,42.45,71.6,37,0,4.97,SA,1595466773
84,shingu,33.73,135.98,84.2,70,75,4.7,JP,1595466773
85,bredasdorp,-34.53,20.04,57.2,93,0,2.24,ZA,1595466773
86,abu samrah,35.3,37.18,70.7,60,0,8.57,SY,1595466774
87,hasaki,35.73,140.83,75.2,94,75,4.7,JP,1595466545
88,abha,18.22,42.51,71.6,37,4,6.33,SA,1595466476
89,sao joao da barra,-21.64,-41.05,71.2,88,0,10.96,BR,1595466774
90,changji,44.02,87.32,75.2,50,75,6.71,CN,1595466775
91,piacabucu,-10.41,-36.43,74.75,81,0,12.01,BR,1595466775
92,longyearbyen,78.22,15.64,44.6,87,75,6.93,SJ,1595466775
93,mar del plata,-38.0,-57.56,52.0,100,90,18.34,AR,1595466759
94,ginir,7.13,40.7,58.28,92,100,10.27,ET,1595466776
95,lyngseidet,69.58,20.22,48.2,93,75,28.86,NO,1595466776
96,kodiak,57.79,-152.41,66.2,45,1,23.04,US,1595466522
97,bluff,-46.6,168.33,39.0,83,97,3.0,NZ,1595466496
98,riyadh,24.69,46.72,89.6,46,2,4.7,SA,1595466777
99,antsohihy,-14.88,47.99,66.43,59,98,11.03,MG,1595466777
100,vila velha,-20.33,-40.29,75.99,73,0,8.05,BR,1595466688
101,hithadhoo,-0.6,73.08,83.62,70,99,7.9,MV,1595466778
102,mpika,-11.83,31.45,50.92,74,0,9.98,ZM,1595466778
103,busselton,-33.65,115.33,54.0,83,57,1.99,AU,1595466549
104,leninskoye,47.94,132.62,78.39,66,100,2.1,RU,1595466778
105,srednekolymsk,67.45,153.68,84.94,29,76,7.94,RU,1595466779
106,kloulklubed,7.04,134.26,86.0,70,75,4.7,PW,1595466779
107,xining,36.62,101.77,64.04,64,91,3.65,CN,1595466780
108,chokurdakh,70.63,147.92,89.56,30,30,9.62,RU,1595466780
109,solnechnyy,50.72,136.63,63.57,86,94,5.41,RU,1595466781
110,tasiilaq,65.61,-37.64,37.4,93,4,3.09,GL,1595466781
111,punta arenas,-53.15,-70.92,26.6,92,57,4.7,CL,1595466781
112,pacifica,37.61,-122.49,64.99,82,90,4.7,US,1595466782
113,kaitangata,-46.28,169.85,44.01,67,92,13.0,NZ,1595466782
114,saint-augustin,51.23,-58.65,64.49,55,86,7.61,CA,1595466782
115,kadirli,37.37,36.1,78.01,88,0,3.4,TR,1595466783
116,galle,6.04,80.22,79.92,88,100,7.45,LK,1595466783
117,taoudenni,22.68,-3.98,102.04,19,11,10.25,ML,1595466784
118,lensk,60.73,114.93,71.67,51,8,2.19,RU,1595466784
119,vokhma,58.93,46.76,55.26,97,29,3.0,RU,1595466784
120,bilma,18.69,12.92,89.73,26,29,7.43,NE,1595466531
121,canton,23.12,113.25,87.8,66,40,6.71,CN,1595466572
122,gravdal,68.12,13.5,51.91,81,100,15.55,NO,1595466785
123,adrar,20.5,-10.07,97.16,14,0,8.9,MR,1595466785
124,iqaluit,63.75,-68.51,48.0,93,90,6.26,CA,1595466785
125,cidreira,-30.18,-50.21,65.5,72,100,11.07,BR,1595466786
126,ishim,56.11,69.49,63.05,68,76,8.12,RU,1595466786
127,lavrentiya,65.58,-171.0,54.01,56,30,8.95,RU,1595466786
128,souillac,-20.52,57.52,69.8,52,75,17.22,MU,1595466787
129,kasongo,-4.45,26.67,71.91,44,88,2.89,CD,1595466787
130,sur,22.57,59.53,84.27,71,23,16.84,OM,1595466787
131,soe,-9.86,124.28,71.26,59,21,9.06,ID,1595466787
132,new norfolk,-42.78,147.06,51.01,75,100,5.01,AU,1595466787
133,geraldton,-28.77,114.6,62.6,88,40,4.7,AU,1595466719
134,petropavlovsk-kamchatskiy,53.05,158.65,64.4,52,40,4.47,RU,1595466788
135,skagen,57.72,10.58,61.0,78,0,20.0,DK,1595466788
136,kirakira,-10.45,161.92,79.79,83,100,15.48,SB,1595466788
137,sokoni,-6.43,39.55,76.35,72,81,20.11,TZ,1595466789
138,viedma,-40.81,-63.0,43.0,92,100,3.0,AR,1595466498
139,diego de almagro,-26.37,-70.05,39.06,93,2,1.92,CL,1595466789
140,saldanha,-33.01,17.94,50.0,87,0,3.36,ZA,1595466518
141,lebu,-37.62,-73.65,47.5,82,71,4.61,CL,1595466790
142,lagoa,39.05,-27.98,69.3,72,0,3.85,PT,1595466497
143,muros,42.78,-9.06,69.01,75,5,5.99,ES,1595466790
144,naze,28.37,129.48,87.8,79,75,6.93,JP,1595466790
145,avarua,-21.21,-159.78,77.0,88,9,12.75,CK,1595466791
146,nelson,-41.28,173.28,59.0,49,0,1.01,NZ,1595466791
147,hermanus,-34.42,19.23,53.01,95,0,1.99,ZA,1595466791
148,pokhara,28.23,83.98,72.75,77,56,0.36,NP,1595466791
149,langsa,4.47,97.97,77.88,86,100,2.19,ID,1595466792
150,aklavik,68.22,-135.01,53.6,58,75,6.93,CA,1595466792
151,price,39.6,-110.81,69.8,56,1,3.36,US,1595466792
152,asfi,32.3,-9.24,70.0,86,0,12.91,MA,1595466792
153,kuala lumpur,3.14,101.69,80.01,94,20,1.03,MY,1595466711
154,liverpool,53.41,-2.98,60.8,82,100,8.05,GB,1595466783
155,senador guiomard,-10.15,-67.74,73.4,94,24,2.24,BR,1595466793
156,cayenne,4.93,-52.33,75.2,100,100,7.56,GF,1595466793
157,beringovskiy,63.05,179.32,50.41,76,0,12.15,RU,1595466793
158,klaksvik,62.23,-6.59,46.4,93,99,6.2,FO,1595466794
159,yuryevets,57.32,43.1,56.12,93,58,7.76,RU,1595466794
160,duncanville,32.65,-96.91,91.4,55,1,9.17,US,1595466794
161,tazovskiy,67.47,78.7,47.73,74,0,15.86,RU,1595466795
162,kaeo,-35.1,173.78,62.01,3,100,8.99,NZ,1595466795
163,deputatskiy,69.3,139.9,77.16,36,77,7.92,RU,1595466795
164,cabo san lucas,22.89,-109.91,91.4,69,20,18.34,MX,1595466656
165,saint-philippe,-21.36,55.77,66.2,59,90,5.82,RE,1595466796
166,mayo,38.89,-76.51,73.99,94,1,7.05,US,1595466796
167,san patricio,19.22,-104.7,82.4,69,75,17.22,MX,1595466796
168,tiksi,71.69,128.87,56.73,78,58,4.61,RU,1595466796
169,saskylakh,71.92,114.08,48.58,91,100,11.54,RU,1595466796
170,qaanaaq,77.48,-69.36,46.9,55,0,0.92,GL,1595466497
171,eenhana,-17.47,16.33,53.6,44,0,4.7,NA,1595466797
172,ulaangom,49.98,92.07,64.53,61,91,6.31,MN,1595466797
173,fairbanks,64.84,-147.72,64.4,59,20,3.76,US,1595466700
174,falmouth,50.15,-5.07,60.01,87,84,3.36,GB,1595466798
175,pacific grove,36.62,-121.92,68.0,72,75,14.99,US,1595466548
176,ulladulla,-35.35,150.47,57.0,62,20,9.17,AU,1595466609
177,escarcega,18.61,-90.75,80.29,83,87,4.68,MX,1595466798
178,isangel,-19.55,169.27,80.6,57,75,2.24,VU,1595466729
179,lebedyn,50.59,34.48,52.68,87,0,6.93,UA,1595466799
180,bima,-8.47,118.72,80.71,64,84,6.87,ID,1595466799
181,mbamba,9.98,13.1,71.37,93,100,2.77,NG,1595466799
182,bilibino,68.05,166.44,79.09,30,100,10.07,RU,1595466799
183,cap malheureux,-19.98,57.61,66.99,70,41,3.0,MU,1595466800
184,trinidad,-14.83,-64.9,76.91,59,2,2.75,BO,1595466800
185,tshikapa,-6.42,20.8,69.39,34,57,4.29,CD,1595466718
186,castro,-24.79,-50.01,58.57,80,100,2.39,BR,1595466522
187,hami,42.8,93.45,85.14,24,20,8.63,CN,1595466801
188,airai,-8.93,125.41,66.79,41,41,5.61,TL,1595466801
189,chapais,49.78,-74.85,60.8,87,90,10.29,CA,1595466801
190,lagos,6.58,3.75,77.0,94,20,4.7,NG,1595466734
191,ahipara,-35.17,173.17,60.13,64,99,14.61,NZ,1595466524
192,san vicente,-26.62,-54.13,63.5,88,92,3.51,AR,1595466802
193,xiongyue,40.18,122.12,79.99,66,100,9.33,CN,1595466802
194,idlib,35.93,36.63,78.8,83,0,13.87,SY,1595466802
195,maldonado,-34.67,-54.92,61.0,93,90,4.7,UY,1595466646
196,hambantota,6.12,81.12,77.0,100,40,2.24,LK,1595466803
197,grand gaube,-20.01,57.66,66.99,70,54,3.0,MU,1595466803
198,verkhnevilyuysk,63.45,120.32,70.11,59,0,6.4,RU,1595466804
199,nanortalik,60.14,-45.24,50.72,68,100,9.13,GL,1595466804
200,ucluelet,48.93,-125.55,59.0,93,90,3.36,CA,1595466712
201,luderitz,-26.65,15.16,64.4,36,0,6.93,NA,1595466804
202,rodos,36.44,28.22,77.0,88,0,11.41,GR,1595466805
203,bowen,-20.02,148.23,66.2,88,90,10.29,AU,1595466805
204,borovskoy,53.8,64.15,62.94,69,100,16.26,KZ,1595466805
205,langres,47.83,5.33,66.2,42,74,6.93,FR,1595466805
206,tzucacab,20.07,-89.05,81.27,74,51,2.28,MX,1595466806
207,dudinka,69.41,86.18,50.0,81,8,26.84,RU,1595466806
208,guerrero negro,27.98,-114.06,70.3,75,0,19.53,MX,1595466806
209,varkaus,62.32,27.87,55.0,93,90,10.29,FI,1595466807
210,uhlove,44.82,33.6,68.95,64,0,10.42,UA,1595466807
211,alofi,-19.06,-169.92,75.2,88,75,16.11,NU,1595466807
212,talnakh,69.49,88.4,50.0,81,0,26.84,RU,1595466808
213,naryan-mar,67.67,53.09,62.53,69,0,10.13,RU,1595466808
214,bengkulu,-3.8,102.27,77.2,83,47,3.94,ID,1595466808
215,victoria,22.29,114.16,87.8,70,40,4.7,HK,1595466684
216,galdar,28.15,-15.65,72.0,78,20,25.28,ES,1595466809
217,chimore,-16.98,-65.13,75.96,72,100,2.68,BO,1595466809
218,varkkallai,8.73,76.71,80.6,88,75,2.24,IN,1595466809
219,los llanos de aridane,28.66,-17.92,71.6,78,16,14.99,ES,1595466809
220,rio gallegos,-51.62,-69.22,14.0,92,0,3.36,AR,1595466679
221,anloga,5.79,0.9,75.2,88,40,5.82,GH,1595466810
222,matagami,49.75,-77.63,62.6,77,75,3.36,CA,1595466810
223,aitape,-3.14,142.35,84.74,69,21,2.98,PG,1595466810
224,yinchuan,38.47,106.27,75.15,58,100,5.46,CN,1595466811
225,te anau,-45.42,167.72,41.72,67,29,7.65,NZ,1595466811
226,zheshart,62.07,49.57,59.67,94,0,7.02,RU,1595466811
227,rabaul,-4.2,152.17,85.96,65,2,5.66,PG,1595466811
228,pemba,-12.97,40.52,69.8,88,75,11.41,MZ,1595466811
229,bambanglipuro,-7.95,110.28,79.3,73,31,12.53,ID,1595466812
230,rocha,-34.48,-54.33,66.06,94,100,8.1,UY,1595466812
231,ramos arizpe,25.55,-100.97,75.2,47,75,9.17,MX,1595466812
232,port lincoln,-34.73,135.87,53.46,67,0,10.0,AU,1595466812
233,pangnirtung,66.15,-65.71,53.69,67,100,5.23,CA,1595466813
234,peniche,39.36,-9.38,64.99,95,0,1.99,PT,1595466813
235,richards bay,-28.78,32.04,58.75,84,7,6.55,ZA,1595466813
236,chiang khong,20.26,100.4,70.0,99,16,1.07,TH,1595466813
237,gazli,40.13,63.45,82.42,29,0,14.74,UZ,1595466814
238,pevek,69.7,170.31,55.4,53,98,10.4,RU,1595466814
239,rochester,43.15,-77.62,80.01,74,75,6.93,US,1595466025
240,namanga,-2.54,36.79,57.92,88,5,7.05,KE,1595466815
241,salina,38.84,-97.61,89.6,52,1,11.41,US,1595466815
242,dunedin,-45.87,170.5,48.0,55,29,10.0,NZ,1595466517
243,khilok,51.37,110.47,73.49,66,92,2.48,RU,1595466815
244,the valley,18.22,-63.06,82.4,74,20,13.87,AI,1595466531
245,ribeira grande,38.52,-28.7,70.48,68,20,2.66,PT,1595466816
246,meulaboh,4.14,96.13,76.64,88,100,4.63,ID,1595466517
247,north bend,43.41,-124.22,72.0,82,90,16.11,US,1595466816
248,priargunsk,50.37,119.1,78.03,62,13,9.86,RU,1595466816
249,tiarei,-17.53,-149.33,84.2,54,40,8.05,PF,1595466817
250,awjilah,29.11,21.29,73.53,50,0,10.11,LY,1595466817
251,samarai,-10.62,150.67,77.9,81,58,12.01,PG,1595466817
252,lorengau,-2.02,147.27,84.45,74,49,9.4,PG,1595466818
253,port hedland,-20.32,118.57,73.4,27,0,14.99,AU,1595466818
254,port moresby,-9.44,147.18,80.6,78,75,3.36,PG,1595466818
255,kieta,-6.22,155.63,83.32,72,100,5.21,PG,1595466818
256,inverness,57.48,-4.22,57.2,93,100,2.84,GB,1595466818
257,mecca,21.43,39.83,79.68,75,95,2.24,SA,1595466625
258,niles,42.02,-87.8,84.0,51,40,10.29,US,1595466819
259,tupelo,34.26,-88.7,82.4,69,1,5.82,US,1595466620
260,carnwath,55.7,-3.63,57.99,96,100,5.77,GB,1595466819
261,bada,51.39,109.87,72.75,63,75,4.18,RU,1595466820
262,boyolangu,-8.12,111.89,76.75,78,70,10.25,ID,1595466820
263,bahia honda,22.9,-83.16,78.35,83,100,7.16,CU,1595466820
264,namibe,-15.2,12.15,65.28,67,0,2.8,AO,1595466820
265,redondela,42.28,-8.61,71.6,68,0,1.07,ES,1595466821
266,vostok,46.49,135.88,72.18,80,100,2.46,RU,1595466730
267,micheweni,-4.97,39.83,75.24,74,2,15.68,TZ,1595466821
268,henties bay,-22.12,14.28,66.9,31,0,4.16,NA,1595466821
269,arraial do cabo,-22.97,-42.03,71.38,86,0,7.25,BR,1595466822
270,stephenville,32.22,-98.2,91.4,43,1,12.75,US,1595466822
271,praia,14.92,-23.51,80.6,78,20,2.24,CV,1595466822
272,amalner,21.05,75.07,80.56,81,100,7.11,IN,1595466822
273,sioux lookout,50.1,-91.92,75.2,47,75,4.7,CA,1595466823
274,dzhebariki-khaya,62.22,135.8,75.87,40,6,1.88,RU,1595466823
275,honiara,-9.43,159.95,86.58,63,72,11.41,SB,1595466823
276,roebourne,-20.78,117.13,72.39,37,0,13.13,AU,1595466823
277,fuerte olimpo,-21.04,-57.87,72.63,43,0,5.21,PY,1595466824
278,harindanga,22.04,88.32,75.2,100,90,13.33,IN,1595466824
279,olafsvik,64.89,-23.71,48.92,75,56,8.55,IS,1595466824
280,shirokiy,49.76,129.52,74.89,72,99,4.45,RU,1595466824
281,dicamay,16.76,122.0,86.31,67,0,2.86,PH,1595466825
282,zhigansk,66.77,123.37,63.09,68,13,20.47,RU,1595466825
283,shakawe,-18.37,21.85,48.74,50,0,5.68,BW,1595466825
284,laguna de perlas,12.34,-83.67,80.06,86,93,6.85,NI,1595466825
285,sumbuya,7.65,-11.96,73.87,96,100,1.88,SL,1595466825
286,vila franca do campo,37.72,-25.43,66.2,72,40,4.7,PT,1595466826
287,arona,28.1,-16.68,73.99,78,0,11.41,ES,1595466826
288,san jose,37.34,-121.89,80.01,44,20,16.11,US,1595466826
289,san antonio,29.42,-98.49,96.8,49,75,16.11,US,1595466606
290,belmonte,-15.86,-38.88,66.2,82,0,2.24,BR,1595466826
291,boone,39.03,-92.33,84.99,66,0,4.43,US,1595466796
292,novokizhinginsk,51.61,109.59,69.03,77,96,4.94,RU,1595466827
293,nampula,-15.12,39.27,56.26,98,3,4.36,MZ,1595466827
294,lodwar,3.12,35.6,81.1,56,98,15.03,KE,1595466827
295,esperance,-33.87,121.9,57.2,76,90,16.11,AU,1595466828
296,petrovsk-zabaykalskiy,51.27,108.84,68.74,78,100,4.23,RU,1595466828
297,jiujiang,29.73,115.98,90.43,63,83,4.41,CN,1595466828
298,mocuba,-16.84,36.99,59.83,95,76,5.03,MZ,1595466828
299,norman wells,65.28,-126.83,53.6,81,75,19.46,CA,1595466829
300,sao filipe,14.9,-24.5,79.07,81,76,6.4,CV,1595466829
301,kavaratti,10.57,72.64,82.0,79,100,7.99,IN,1595466829
302,itarema,-2.92,-39.92,76.39,77,5,11.72,BR,1595466829
303,betong,5.77,101.07,74.43,90,100,1.43,TH,1595466544
304,rawson,-43.3,-65.1,41.32,71,100,12.28,AR,1595466830
305,nizwa,22.93,57.53,77.77,76,75,7.47,OM,1595466830
306,waddan,29.16,16.14,67.41,76,0,3.42,LY,1595466830
307,walvis bay,-22.96,14.51,71.6,25,0,13.87,NA,1595466830
308,mayumba,-3.43,10.66,69.31,89,83,1.68,GA,1595466831
309,ixtapa,20.7,-105.2,86.0,74,75,9.17,MX,1595466698
310,zyryanka,65.75,150.85,83.28,33,85,15.88,RU,1595466831
311,puerto montt,-41.47,-72.94,37.4,86,100,2.24,CL,1595466831
312,severo-kurilsk,50.68,156.12,52.03,85,100,2.59,RU,1595466831
313,tipp city,39.96,-84.17,78.8,78,75,9.17,US,1595466832
314,portland,45.52,-122.68,81.0,42,1,10.29,US,1595466548
315,bayan,46.08,127.4,81.23,56,7,4.88,CN,1595466832
316,tankhoy,51.55,105.13,58.06,91,100,5.84,RU,1595466832
317,port hardy,50.7,-127.42,64.4,68,20,14.99,CA,1595466833
318,korla,41.76,86.15,73.0,94,100,9.17,CN,1595466833
319,charagua,-19.8,-63.22,68.58,63,1,4.88,BO,1595466833
320,shetpe,44.17,52.12,69.87,70,0,2.44,KZ,1595466628
321,husavik,66.04,-17.34,48.2,81,90,8.05,IS,1595466834
322,tierranueva,21.68,-100.57,71.67,57,0,11.14,MX,1595466834
323,timberlake,37.32,-79.26,80.6,78,40,5.82,US,1595466834
324,campana,-34.17,-58.96,57.99,51,100,3.0,AR,1595466835
325,manta,-0.95,-80.73,73.4,83,75,9.17,EC,1595466835
326,viransehir,37.24,39.76,84.16,30,0,4.43,TR,1595466835
327,benjamin aceval,-24.97,-57.57,75.2,53,4,4.7,PY,1595466836
328,natal,-5.79,-35.21,75.2,78,75,9.17,BR,1595466836
329,mitu,1.2,-70.17,72.36,88,100,0.45,CO,1595466836
330,stornoway,58.21,-6.39,55.4,100,100,5.82,GB,1595466836
331,nioro,13.35,-15.75,78.01,85,57,6.98,GM,1595466837
332,vardo,70.37,31.11,55.4,87,75,11.41,NO,1595466837
333,andenes,69.31,16.12,51.8,87,100,17.22,NO,1595466837
334,provideniya,64.38,-173.3,50.0,81,0,15.66,RU,1595466837
335,shellbrook,53.22,-106.4,80.6,57,75,8.05,CA,1595466838
336,narsaq,60.92,-46.05,64.4,57,100,28.86,GL,1595466838
337,bobrovka,54.05,61.75,62.4,80,100,15.75,RU,1595466838
338,vanimo,-2.67,141.3,86.0,62,0,6.13,PG,1595466839
339,tilichiki,60.47,166.1,55.96,70,1,5.68,RU,1595466839
340,yanam,16.73,82.22,79.32,87,100,4.59,IN,1595466839
341,jilikul,37.49,68.53,69.8,60,20,2.24,TJ,1595466839
342,montegranaro,43.24,13.63,73.99,65,0,4.97,IT,1595466839
343,burnie,-41.07,145.92,53.01,59,49,5.99,AU,1595466840
344,ambrolauri,42.52,43.16,68.0,94,75,2.24,GE,1595466840
345,pringsewu,-5.36,104.97,75.88,87,100,0.45,ID,1595466840
346,dresden,51.05,13.74,57.2,62,96,2.24,DE,1595466803
347,savannah bight,16.45,-85.85,84.94,77,72,20.96,HN,1595466841
348,longkou,37.65,120.33,70.32,82,100,25.05,CN,1595466841
349,darhan,49.49,105.92,70.11,78,100,10.56,MN,1595466841
350,raga,8.46,25.68,67.12,96,100,1.68,SS,1595466842
351,canmore,51.08,-115.35,69.8,73,90,11.41,CA,1595466842
352,morondava,-20.28,44.28,68.61,58,0,13.15,MG,1595466842
353,college,64.86,-147.8,64.4,52,75,3.67,US,1595466633
354,aksu,41.12,80.26,75.02,40,0,5.77,CN,1595466843
355,kushima,31.46,131.23,87.8,62,75,12.75,JP,1595466843
356,bontang,0.13,117.5,78.15,88,100,7.34,ID,1595466843
357,kadoshkino,54.03,44.42,55.27,98,2,6.8,RU,1595466843
358,bambous virieux,-20.34,57.76,69.8,60,75,12.75,MU,1595466728
359,tonantins,-2.87,-67.8,74.79,89,87,2.68,BR,1595466844
360,sibu,2.3,111.82,73.4,94,40,3.36,MY,1595466844
361,hovd,48.01,91.64,63.84,59,4,3.02,MN,1595466844
362,dandong,40.13,124.39,78.12,71,100,3.47,CN,1595466844
363,maceio,-9.67,-35.74,71.6,94,75,4.7,BR,1595466845
364,nikel,69.41,30.22,51.8,87,100,8.05,RU,1595466845
365,emba,48.83,58.14,69.03,64,0,10.65,KZ,1595466845
366,derzhavinsk,51.1,66.32,68.32,66,100,18.66,KZ,1595466845
367,seoul,37.57,126.98,73.4,94,40,3.36,KR,1595466846
368,margate,51.38,1.39,62.01,65,45,1.99,GB,1595466846
369,costinesti,43.95,28.63,64.4,82,0,5.82,RO,1595466846
370,salalah,17.02,54.09,78.8,94,90,11.41,OM,1595466846
371,svetlyy,54.67,20.13,55.4,87,40,8.95,RU,1595466847
372,abnub,27.27,31.15,78.8,50,0,13.87,EG,1595466847
373,alvorada,-12.48,-49.12,73.0,40,0,3.4,BR,1595466847
374,imbituba,-28.24,-48.67,62.6,93,100,2.24,BR,1595466847
375,elizabethtown,37.69,-85.86,77.0,88,1,8.05,US,1595466590
376,harper,4.38,-7.72,74.77,87,51,9.08,LR,1595466848
377,grindavik,63.84,-22.43,48.2,81,75,5.82,IS,1595466848
378,san cristobal,7.77,-72.22,65.84,91,83,2.48,VE,1595466848
379,hokitika,-42.72,170.97,45.99,77,100,18.54,NZ,1595466849
380,beidao,34.57,105.89,69.78,77,100,3.96,CN,1595466849
381,gander,48.97,-54.59,68.0,52,20,13.87,CA,1595466849
382,salinopolis,-0.61,-47.36,79.29,83,95,11.39,BR,1595466849
383,kavieng,-2.57,150.8,85.55,71,33,13.85,PG,1595466850
384,yining,29.04,114.56,88.95,60,2,3.22,CN,1595466850
385,safipur,26.73,80.35,78.8,94,75,1.99,IN,1595466850
386,magione,43.14,12.21,69.01,72,0,3.36,IT,1595466850
387,shimoda,34.67,138.95,78.8,88,75,5.82,JP,1595466851
388,tayu,-6.54,111.05,80.4,70,43,7.78,ID,1595466851
389,havre-saint-pierre,50.23,-63.6,60.8,77,1,11.41,CA,1595466851
390,guinguineo,14.27,-15.95,78.8,100,1,4.7,SN,1595466851
391,corrales,35.24,-106.61,80.01,47,90,4.7,US,1595466852
392,karpogory,64.0,44.45,61.84,89,92,10.56,RU,1595466852
393,codrington,-38.27,141.97,49.35,80,100,5.01,AU,1595466852
394,nome,64.5,-165.41,60.01,76,1,18.34,US,1595466852
395,pimentel,-6.84,-79.93,61.59,87,0,12.53,PE,1595466852
396,teya,60.38,92.63,53.44,92,100,3.29,RU,1595466853
397,komsomolskiy,40.43,71.72,71.6,53,68,4.7,UZ,1595466853
398,bandarbeyla,9.49,50.81,78.12,68,5,28.5,SO,1595466853
399,moose factory,51.26,-80.61,59.0,77,1,5.82,CA,1595466853
400,buchanan,5.88,-10.05,75.2,94,75,9.06,LR,1595466854
401,itaituba,-4.28,-55.98,82.11,57,96,0.69,BR,1595466854
402,jibuti,11.5,42.5,91.4,49,40,10.2,DJ,1595466854
403,maragogi,-9.01,-35.22,74.12,75,0,10.22,BR,1595466854
404,liwale,-9.77,37.93,61.48,63,0,5.46,TZ,1595466854
405,ilinskiy,55.62,38.12,57.99,87,40,6.71,RU,1595466855
406,santa maria,-29.68,-53.81,69.8,77,100,4.7,BR,1595466830
407,invermere,50.52,-116.04,86.0,30,7,4.0,CA,1595466855
408,manga,11.66,-1.07,78.28,75,0,8.63,BF,1595466855
409,pochutla,15.74,-96.47,82.4,74,90,2.66,MX,1595466855
410,calderitas,18.55,-88.25,84.2,79,40,6.93,MX,1595466856
411,manzanillo,20.34,-77.12,80.69,80,95,0.98,CU,1595466856
412,haines junction,60.75,-137.51,56.71,76,76,4.12,CA,1595466857
413,palas,-5.65,105.68,78.71,84,100,1.57,ID,1595466857
414,leh,34.17,77.58,53.01,41,42,7.25,IN,1595466857
415,sorland,67.67,12.69,52.36,81,100,18.57,NO,1595466857
416,wanaka,-44.7,169.15,39.58,70,10,6.69,NZ,1595466794
417,eloy,32.76,-111.55,104.0,17,1,5.82,US,1595466858
418,amahai,-3.33,128.92,80.11,78,69,6.15,ID,1595466858
419,hamilton,39.18,-84.53,80.01,88,1,3.36,US,1595466631
420,goba,7.02,39.98,51.55,88,70,1.68,ET,1595466858
421,lompoc,34.64,-120.46,66.99,72,4,14.99,US,1595466779
422,beloha,-25.17,45.05,61.09,85,89,11.05,MG,1595466859
423,elko,41.0,-115.5,84.2,20,1,8.05,US,1595466859
424,oranjemund,-28.55,16.43,59.14,60,0,1.07,NA,1595466859
425,yumen,40.28,97.2,75.97,33,85,7.83,CN,1595466859
426,lasa,46.62,10.7,55.4,93,75,3.36,IT,1595466859
427,krasnoselkup,65.7,82.47,55.45,79,100,18.05,RU,1595466860
428,les cayes,18.2,-73.75,80.69,76,73,4.94,HT,1595466860
429,bejar,40.39,-5.76,79.0,46,0,5.01,ES,1595466860
430,egvekinot,66.32,-179.17,60.55,53,100,4.23,RU,1595466860
431,mokolo,10.74,13.8,72.91,84,100,1.1,CM,1595466861
432,masuguru,-11.37,38.42,65.84,69,0,4.74,TZ,1595466861
433,high level,58.52,-117.14,69.8,56,40,10.29,CA,1595466861
434,tual,-5.67,132.75,79.48,83,24,18.57,ID,1595466861
435,novikovo,51.15,37.89,53.38,83,0,7.78,RU,1595466861
436,sakakah,29.97,40.21,87.8,11,14,2.24,SA,1595466861
437,volchikha,52.03,80.38,63.95,66,0,2.37,RU,1595466862
438,cupar,56.32,-3.01,57.99,93,100,5.82,GB,1595466862
439,chumikan,54.72,135.31,51.62,93,100,7.29,RU,1595466863
440,aswan,24.09,32.91,85.68,20,0,10.85,EG,1595466863
441,san policarpo,12.18,125.51,85.23,71,97,7.85,PH,1595466863
442,taft,31.75,54.21,78.8,15,0,6.93,IR,1595466863
443,paamiut,61.99,-49.67,46.38,87,100,7.2,GL,1595466864
444,touros,-5.2,-35.46,75.2,78,75,9.17,BR,1595466864
445,turbat,26.0,63.04,83.48,71,82,7.67,PK,1595466864
446,kununurra,-15.77,128.73,73.4,25,0,8.05,AU,1595466580
447,zaozerne,45.16,33.28,70.12,61,0,12.55,UA,1595466865
448,firovo,57.48,33.7,50.05,96,100,8.48,RU,1595466865
449,gizo,-8.1,156.84,83.75,70,71,4.32,SB,1595466865
450,indian head,38.6,-77.16,75.2,94,40,5.26,US,1595466865
451,berlevag,70.86,29.09,49.89,92,94,12.8,NO,1595466866
452,poum,-20.23,164.02,72.25,68,92,18.66,NC,1595466866
453,omsukchan,62.53,155.8,70.39,25,24,5.5,RU,1595466867
454,ancud,-41.87,-73.82,41.0,93,100,4.7,CL,1595466867
455,tiruvalla,9.38,76.57,76.08,92,99,2.93,IN,1595466867
456,uvalde,29.37,-99.77,96.8,34,1,11.41,US,1595466867
457,coquimbo,-29.95,-71.34,51.8,87,20,4.7,CL,1595466868
458,sant feliu de guixols,41.78,3.03,73.0,53,0,3.94,ES,1595466712
459,pisco,-13.7,-76.22,64.0,77,0,10.29,PE,1595466868
460,campoverde,-8.48,-74.81,76.8,73,23,1.92,PE,1595466868
461,tatarsk,55.22,75.98,58.1,85,84,6.44,RU,1595466869
462,padang,-0.95,100.35,77.83,83,100,6.53,ID,1595466869
463,beira,-19.84,34.84,66.54,73,12,11.74,MZ,1595466869
464,guilin,25.28,110.29,82.4,78,20,4.47,CN,1595466869
465,tahoua,14.89,5.27,82.4,74,72,11.41,NE,1595466869
466,yulara,-25.24,130.99,51.8,50,0,12.75,AU,1595466852
467,fort nelson,58.81,-122.7,64.4,68,75,11.41,CA,1595466870
468,ciparay,-7.42,108.47,75.92,87,91,1.39,ID,1595466870
469,astana,51.18,71.45,53.6,93,2,4.47,KZ,1595466605
470,ponta delgada,37.73,-25.67,66.2,72,40,4.7,PT,1595466870
471,constitucion,-35.33,-72.42,48.42,77,2,3.27,CL,1595466862
472,klyuchi,52.27,79.17,63.88,69,0,2.86,RU,1595466871
473,bukama,-9.2,25.85,63.37,50,100,3.58,CD,1595466871
474,voyvozh,62.89,54.96,59.68,74,100,7.07,RU,1595466871
475,kinshasa,-4.32,15.32,75.2,83,100,2.24,CD,1595466872
476,palma,39.57,2.65,79.0,61,1,6.93,ES,1595466872
477,mattru,7.62,-11.83,73.53,97,100,1.86,SL,1595466872
478,manaure,11.78,-72.44,83.46,68,14,17.65,CO,1595466872
479,paita,-5.09,-81.11,63.41,82,84,12.66,PE,1595466872
480,baykit,61.67,96.37,57.07,80,100,1.9,RU,1595466873
481,waipawa,-41.41,175.52,59.0,41,0,8.05,NZ,1595466873
482,namatanai,-3.67,152.43,85.19,69,67,9.19,PG,1595466873
483,leningradskiy,69.38,178.42,65.88,37,100,9.13,RU,1595466874
484,lashio,22.93,97.75,70.29,98,100,0.67,MM,1595466874
485,gasa,31.5,34.47,75.0,64,0,2.68,PS,1595466874
486,upernavik,72.79,-56.15,46.36,74,0,13.15,GL,1595466874
487,nykoping,58.75,17.01,46.4,93,0,6.93,SE,1595466874
488,sistranda,63.73,8.83,50.0,93,40,11.41,NO,1595466875
489,labuhan,-6.88,112.21,78.58,78,73,8.41,ID,1595466875
490,karlskrona,56.16,15.59,48.2,93,0,3.36,SE,1595466875
491,quebec,46.81,-71.21,73.99,64,75,4.7,CA,1595466875
492,luanda,-8.84,13.23,71.6,83,75,2.24,AO,1595466875
493,mehamn,71.04,27.85,48.74,92,82,9.28,NO,1595466876
494,ust-maya,60.42,134.53,68.74,48,23,10.0,RU,1595466876
495,shatsk,54.03,41.71,53.85,93,4,8.52,RU,1595466876
496,constantine,36.37,6.61,69.8,49,0,4.7,DZ,1595466876
497,cumpas,29.98,-109.78,83.43,53,100,7.58,MX,1595466877
498,muroto,33.28,134.15,82.4,83,75,6.93,JP,1595466877
499,adre,13.47,22.2,70.38,78,100,5.7,TD,1595466877
500,quatre cocos,-20.21,57.76,69.8,52,75,17.22,MU,1595466877
501,lima,-12.04,-77.03,59.0,87,40,4.7,PE,1595466759
502,khokhryaki,56.92,53.32,60.01,96,100,6.49,RU,1595466878
503,hit,33.64,42.83,88.27,22,0,8.9,IQ,1595466878
504,prince rupert,54.32,-130.32,59.0,87,75,8.05,CA,1595466668
505,ust-ilimsk,58.0,102.66,61.59,79,58,8.14,RU,1595466878
506,xiongzhou,25.12,114.3,87.96,58,88,4.0,CN,1595466879
507,mahibadhoo,3.78,72.97,82.24,79,100,21.32,MV,1595466879
508,korgen,66.08,13.82,46.4,70,100,12.75,NO,1595466879
509,vestmannaeyjar,63.44,-20.27,51.51,84,100,2.21,IS,1595466879
510,ikalamavony,-21.15,46.58,52.43,78,21,8.43,MG,1595466880
511,kotelnikovo,47.63,43.15,71.98,58,87,7.52,RU,1595466881
512,santana do livramento,-30.89,-55.53,68.07,89,100,4.32,BR,1595466881
513,gavrilovka vtoraya,52.88,42.77,55.74,96,5,7.74,RU,1595466881
514,ketchikan,55.34,-131.65,66.2,63,90,6.93,US,1595466881
515,takaka,-40.85,172.8,53.01,86,0,11.99,NZ,1595466882
516,longford,53.73,-7.8,59.0,99,100,18.01,IE,1595466882
517,makakilo city,21.35,-158.09,82.4,65,90,6.93,US,1595466849
518,tripoli,32.88,13.19,73.99,73,0,2.01,LY,1595466619
519,esfarayen,37.08,57.51,69.8,73,0,6.93,IR,1595466882
520,tornio,65.85,24.15,60.8,100,20,6.93,FI,1595466883
521,jacala,21.02,-99.18,67.23,79,100,3.4,MX,1595466883
522,ostrovnoy,68.05,39.51,59.88,75,67,9.57,RU,1595466883
523,broken hill,-31.95,141.43,46.4,75,0,9.17,AU,1595466740
524,murray bridge,-35.12,139.27,51.01,79,0,7.14,AU,1595466884
525,gobabis,-22.45,18.97,48.2,31,0,3.36,NA,1595466884
526,oudtshoorn,-33.59,22.2,50.0,87,0,4.7,ZA,1595466884
527,ovsyanka,55.96,92.55,57.2,82,1,6.71,RU,1595466885
528,progreso,21.28,-89.67,84.99,70,75,8.05,MX,1595466885
529,hirado,33.36,129.55,82.4,83,75,9.17,JP,1595466885
530,nerchinskiy zavod,51.31,119.61,75.78,62,100,6.55,RU,1595466885
531,benjamin hill,30.17,-111.1,93.99,47,92,7.0,MX,1595466885
532,mount pleasant,32.79,-79.86,84.99,83,1,9.17,US,1595466886
533,bafq,31.61,55.41,74.25,18,0,3.02,IR,1595466886
534,barahona,18.21,-71.1,80.58,76,99,7.83,DO,1595466886
535,chardara,41.25,67.97,81.21,24,100,11.14,KZ,1595466886
536,navirai,-23.07,-54.19,68.14,54,60,6.11,BR,1595466886
537,caucaia,-3.74,-38.65,80.6,74,75,5.82,BR,1595466887
538,tura,25.52,90.22,74.86,96,100,3.89,IN,1595466887
539,itoman,26.12,127.67,87.8,74,75,8.05,JP,1595466887
540,slave lake,55.28,-114.77,71.6,60,1,6.93,CA,1595466887
541,agadir,30.42,-9.6,69.8,83,0,6.82,MA,1595466887
542,zelenogorskiy,55.03,87.0,57.2,82,3,4.47,RU,1595466888
543,billings,45.78,-108.5,95.0,20,75,6.93,US,1595466659
544,avila,40.58,-5.0,69.01,57,0,3.06,ES,1595466888
545,daru,-9.08,143.21,78.3,81,100,11.77,PG,1595466889
546,oranjestad,12.52,-70.03,82.4,78,20,17.22,AW,1595466889
547,maumere,-8.62,122.21,80.06,65,33,4.85,ID,1595466890
548,ambilobe,-13.2,49.05,62.11,73,100,3.42,MG,1595466890
549,bykov,47.32,142.55,66.2,59,20,8.95,RU,1595466890
550,saint pete beach,27.73,-82.74,82.4,83,1,13.87,US,1595466890
551,coolum beach,-26.53,153.1,60.01,88,100,3.0,AU,1595466891
552,bathsheba,13.22,-59.52,82.4,69,40,17.22,BB,1595466883
553,arman,59.7,150.17,63.66,56,3,5.84,RU,1595466891
554,redmond,47.67,-122.12,70.0,74,23,3.85,US,1595466621
555,bukan,36.52,46.21,68.09,26,0,1.25,IR,1595466892
556,jishou,28.32,109.72,82.63,74,95,3.58,CN,1595466892
557,poya,-21.35,165.15,71.22,62,83,6.93,NC,1595466892
558,champerico,14.3,-91.92,82.47,73,100,2.3,GT,1595466892
