City,Latitude,Longitude,Max Temp,Humidity,Cloudiness,Wind Speed,Country,Date
omsukchan,62.53,155.8,71.02,38,0,9.33,RU,1595804338
kaka,37.35,59.61,83.14,23,0,7.83,TM,1595804338
nizhniy kuranakh,58.84,125.49,70.7,71,95,1.83,RU,1595804339
ushuaia,-54.8,-68.3,33.8,86,90,20.8,AR,1595803872
gao,16.64,1.64,93.34,35,79,3.89,ML,1595804339
stubbekobing,54.89,12.04,63.0,71,2,10.78,DK,1595804340
ternate,0.8,127.4,77.85,82,100,5.14,ID,1595804340
mataura,-46.19,168.86,39.0,83,0,3.0,NZ,1595804340
khatanga,71.97,102.5,42.03,78,100,10.22,RU,1595804203
deputatskiy,69.3,139.9,56.1,72,47,5.66,RU,1595804340
puerto ayora,-0.74,-90.35,70.0,84,68,5.01,EC,1595804030
fukue,32.69,128.84,77.56,93,100,12.91,JP,1595804341
hambantota,6.12,81.12,79.5,81,100,17.72,LK,1595804341
cortez,37.35,-108.59,82.4,42,20,5.82,US,1595804248
ribeira grande,38.52,-28.7,73.33,90,46,5.14,PT,1595803959
rikitea,-23.12,-134.97,70.36,77,0,19.48,PF,1595803915
ahuimanu,21.44,-157.84,81.0,78,75,24.16,US,1595804342
constitucion,-35.33,-72.42,52.21,89,100,7.99,CL,1595803947
san quintin,30.48,-115.95,73.81,66,3,15.05,MX,1595804259
albany,42.6,-73.97,88.0,40,52,1.01,US,1595803928
dikson,73.51,80.55,37.96,91,88,14.99,RU,1595803969
butaritari,3.07,172.79,83.57,74,10,12.06,KI,1595803930
hermanus,-34.42,19.23,46.99,83,14,1.01,ZA,1595803915
atuona,-9.8,-139.03,80.15,72,3,24.32,PF,1595803942
vao,-22.67,167.48,71.35,82,10,20.98,NC,1595804014
acapulco,16.86,-99.89,87.8,66,75,8.05,MX,1595803912
saskylakh,71.92,114.08,38.23,95,100,17.16,RU,1595803950
jipijapa,-1.33,-80.58,75.2,78,75,4.7,EC,1595804344
emba,48.83,58.14,66.79,56,0,7.18,KZ,1595804344
vyshestebliyevskaya,45.2,37.02,75.2,88,75,6.71,RU,1595804344
pevek,69.7,170.31,53.42,69,90,4.63,RU,1595803923
ulladulla,-35.35,150.47,57.2,100,90,34.45,AU,1595804345
mahebourg,-20.41,57.7,69.8,77,75,12.75,MU,1595803922
hirara,24.8,125.28,84.2,83,75,9.17,JP,1595804345
nautla,20.22,-96.78,90.59,60,86,25.97,MX,1595804345
sangar,63.92,127.47,62.92,69,78,1.9,RU,1595804345
calamar,10.25,-74.91,86.0,74,40,12.75,CO,1595804346
soyo,-6.13,12.37,72.01,85,0,7.45,AO,1595804346
kolaras,25.23,77.6,82.18,71,0,7.02,IN,1595804346
comodoro rivadavia,-45.87,-67.5,39.2,80,40,10.29,AR,1595803927
bethel,41.37,-73.41,87.01,45,1,8.05,US,1595803833
waverly,42.74,-84.62,91.4,49,20,16.11,US,1595804303
mar del plata,-38.0,-57.56,53.01,76,100,11.41,AR,1595803751
klaksvik,62.23,-6.59,50.0,87,100,14.99,FO,1595803958
esperance,-33.87,121.9,50.0,87,85,20.8,AU,1595803930
kapaa,22.08,-159.32,84.0,74,90,19.46,US,1595803726
kirkenes,69.73,30.05,60.8,67,1,12.75,NO,1595804348
mananjary,-21.22,48.33,60.91,87,0,5.21,MG,1595804348
sokoto,13.06,5.24,82.96,67,0,10.98,NG,1595804348
goderich,43.75,-81.72,88.0,62,99,5.01,CA,1595803964
sinnamary,5.38,-52.95,79.38,84,7,8.25,GF,1595803952
touros,-5.2,-35.46,73.4,88,75,6.93,BR,1595803929
dudinka,69.41,86.18,44.6,93,89,15.66,RU,1595804349
punta arenas,-53.15,-70.92,35.6,74,20,17.22,CL,1595803926
saint-philippe,-21.36,55.77,69.8,68,62,2.24,RE,1595803947
yulara,-25.24,130.99,39.2,80,0,7.05,AU,1595804349
ixtapa,20.7,-105.2,87.8,70,40,10.29,MX,1595803946
khani,41.96,42.96,77.0,94,75,2.24,GE,1595804350
porto velho,-8.76,-63.9,80.6,69,12,1.74,BR,1595804350
sabang,5.89,95.32,81.99,74,100,8.68,ID,1595804280
havre-saint-pierre,50.23,-63.6,71.6,60,75,12.75,CA,1595804350
fortuna,40.6,-124.16,66.99,79,18,5.01,US,1595803966
hovin,63.11,10.22,69.8,52,100,16.11,NO,1595804351
yellowknife,62.46,-114.35,73.4,43,20,11.41,CA,1595803924
tuktoyaktuk,69.45,-133.04,66.2,63,75,6.93,CA,1595803928
upernavik,72.79,-56.15,44.83,86,87,5.55,GL,1595803957
rocha,-34.48,-54.33,45.75,90,80,5.23,UY,1595803915
oktyabrskiy,54.48,53.47,52.72,92,17,3.96,RU,1595804351
poya,-21.35,165.15,75.83,65,4,4.94,NC,1595804352
angoram,-4.06,144.07,75.99,94,98,1.9,PG,1595804352
kodiak,57.79,-152.41,60.8,72,20,10.29,US,1595803921
cayenne,4.93,-52.33,78.8,94,51,10.47,GF,1595803641
tiksi,71.69,128.87,37.15,93,100,11.1,RU,1595803935
vaini,-21.2,-175.2,71.6,83,75,9.17,TO,1595803918
dingle,11.0,122.67,79.36,83,21,2.42,PH,1595803919
cidreira,-30.18,-50.21,57.88,83,100,14.72,BR,1595803920
san cristobal,7.77,-72.22,84.2,66,40,11.41,VE,1595804106
odweyne,9.41,45.06,71.71,60,71,16.06,SO,1595804354
saint george,37.1,-113.58,102.99,12,1,6.93,US,1595803839
imeni babushkina,59.76,43.13,53.46,84,1,2.66,RU,1595804354
yenagoa,4.92,6.26,74.66,93,99,3.71,NG,1595804354
east london,-33.02,27.91,60.21,66,92,12.97,ZA,1595803943
tasiilaq,65.61,-37.64,44.6,81,75,6.93,GL,1595803943
chokurdakh,70.63,147.92,42.53,78,99,14.97,RU,1595803947
katsuura,35.13,140.3,82.0,89,60,5.99,JP,1595803940
georgetown,5.41,100.34,78.8,94,20,4.7,MY,1595803901
tyukhtet,56.54,89.3,55.29,97,99,6.85,RU,1595804355
tandalti,13.02,31.87,81.5,67,69,15.19,SD,1595804355
liverpool,53.41,-2.98,61.0,72,100,12.75,GB,1595804356
hobart,-42.88,147.33,46.99,93,75,4.7,AU,1595803803
bluff,-46.6,168.33,39.0,83,0,3.0,NZ,1595803936
gimli,50.63,-96.99,78.01,91,59,5.99,CA,1595804356
port elizabeth,-33.92,25.57,55.4,87,75,10.29,ZA,1595803966
avarua,-21.21,-159.78,71.6,88,97,6.93,CK,1595803917
nanortalik,60.14,-45.24,45.19,83,36,3.49,GL,1595803935
yeppoon,-23.13,150.73,60.8,59,0,5.82,AU,1595804357
souillac,-20.52,57.52,69.8,77,75,12.75,MU,1595803928
cabo san lucas,22.89,-109.91,89.6,52,5,9.17,MX,1595803923
zhezkazgan,47.8,67.71,71.44,33,62,8.99,KZ,1595804358
bundaberg,-24.85,152.35,63.0,82,38,8.05,AU,1595804358
ketchikan,55.34,-131.65,59.0,100,90,13.87,US,1595804162
nouadhibou,20.93,-17.03,69.8,88,0,25.28,MR,1595804358
ust-tsilma,65.44,52.15,63.45,58,91,3.49,RU,1595804358
torbay,47.67,-52.73,57.99,100,90,12.75,CA,1595803947
arvika,59.66,12.59,60.01,100,100,8.05,SE,1595804359
khandyga,62.67,135.6,70.7,62,17,2.59,RU,1595804359
aranos,-24.13,19.12,50.31,45,0,9.51,NA,1595804359
lagoa,39.05,-27.98,72.48,92,41,10.76,PT,1595803991
saint-pierre,-21.34,55.48,68.0,68,65,2.24,RE,1595804360
kaitangata,-46.28,169.85,48.0,73,0,4.0,NZ,1595803960
saurimo,-9.66,20.39,63.54,35,0,6.62,AO,1595803976
cairns,-16.92,145.77,68.0,64,0,2.24,AU,1595804120
nyurba,63.28,118.33,56.41,79,30,3.87,RU,1595803992
new norfolk,-42.78,147.06,46.0,86,100,2.15,AU,1595803937
gotsu,35.0,132.22,77.13,86,100,7.43,JP,1595804361
hithadhoo,-0.6,73.08,82.44,69,97,7.72,MV,1595803934
lages,-27.82,-50.33,48.7,96,100,4.61,BR,1595804361
busselton,-33.65,115.33,63.0,83,67,19.66,AU,1595803916
ponta do sol,32.67,-17.1,69.8,68,20,24.16,PT,1595803938
churapcha,62.0,132.43,68.5,53,57,4.7,RU,1595804362
alyangula,-13.85,136.42,71.6,64,40,5.82,AU,1595804362
bredasdorp,-34.53,20.04,42.8,87,17,3.36,ZA,1595803927
jamestown,42.1,-79.24,82.0,61,40,11.41,US,1595803748
chuy,-33.7,-53.46,47.73,86,100,7.85,UY,1595803925
yar-sale,66.83,70.83,46.17,82,12,8.23,RU,1595804363
lasa,46.62,10.7,57.99,93,5,3.36,IT,1595803938
qaanaaq,77.48,-69.36,45.09,58,0,4.05,GL,1595803934
mount pleasant,32.79,-79.86,87.01,74,1,3.36,US,1595804110
tazovskiy,67.47,78.7,45.97,74,95,12.84,RU,1595804364
bathsheba,13.22,-59.52,82.4,78,40,17.22,BB,1595803957
evensk,61.95,159.23,55.45,83,32,11.41,RU,1595804364
prainha,-1.8,-53.48,81.66,62,21,2.8,BR,1595804364
guerrero negro,27.98,-114.06,77.45,56,0,19.82,MX,1595803943
ancud,-41.87,-73.82,42.01,75,75,12.75,CL,1595803917
aranjuez,40.03,-3.6,91.0,23,0,2.24,ES,1595804365
nueva guinea,11.69,-84.46,80.17,87,67,7.09,NI,1595804365
college,64.86,-147.8,68.0,67,75,4.7,US,1595803957
vashkivtsi,48.38,25.51,64.99,10,69,2.26,UA,1595804257
barrow,71.29,-156.79,44.6,93,90,14.99,US,1595803931
port alfred,-33.59,26.89,57.34,67,61,8.63,ZA,1595803925
codrington,-38.27,141.97,51.3,80,70,16.4,AU,1595803966
henties bay,-22.12,14.28,60.01,85,0,2.46,NA,1595804367
havoysund,71.0,24.66,62.6,67,16,24.16,NO,1595804367
kruisfontein,-34.0,24.73,52.32,72,68,1.72,ZA,1595803978
tilichiki,60.47,166.1,66.22,48,0,4.52,RU,1595804367
nikolskoye,59.7,30.79,55.99,87,1,2.13,RU,1595803934
roebourne,-20.78,117.13,62.42,31,35,11.99,AU,1595804279
kirakira,-10.45,161.92,82.36,77,63,13.02,SB,1595804000
challans,46.84,-1.87,57.99,93,0,2.24,FR,1595804368
sao joao da barra,-21.64,-41.05,72.68,86,32,12.73,BR,1595804265
pangnirtung,66.15,-65.71,53.8,64,100,3.83,CA,1595804006
avera,33.19,-82.53,87.8,58,75,3.36,US,1595804368
saint stephen,50.33,-4.9,62.01,100,100,9.17,GB,1595804369
baruun-urt,46.68,113.28,62.69,77,31,9.46,MN,1595804369
galveston,29.37,-94.97,84.99,79,75,16.11,US,1595804352
koppang,61.57,11.06,51.01,97,100,5.01,NO,1595804369
conde,-7.26,-34.91,73.4,94,20,5.82,BR,1595804369
vila franca do campo,37.72,-25.43,69.8,88,20,8.05,PT,1595803950
dinguiraye,11.3,-10.72,71.38,94,100,4.29,GN,1595804370
minas novas,-17.22,-42.59,63.59,88,12,3.53,BR,1595804370
pechora,65.15,57.22,55.83,80,17,5.59,RU,1595804370
antofagasta,-23.65,-70.4,57.2,71,40,9.17,CL,1595804342
hearst,49.68,-83.67,89.91,40,44,5.82,CA,1595804371
braco do norte,-28.27,-49.17,56.34,86,100,1.59,BR,1595804371
iqaluit,63.75,-68.51,53.6,76,40,3.36,CA,1595803945
rostovka,55.38,71.89,54.99,82,81,3.87,RU,1595804372
ostersund,63.18,14.64,57.2,82,80,12.75,SE,1595804029
leningradskiy,69.38,178.42,68.86,45,69,12.53,RU,1595803955
geraldton,-28.77,114.6,51.8,76,0,17.22,AU,1595803989
hilo,19.73,-155.09,93.2,46,20,14.99,US,1595803738
rawson,-43.3,-65.1,43.11,77,100,5.19,AR,1595804161
talnakh,69.49,88.4,44.6,93,79,15.66,RU,1595803945
koupela,12.18,-0.35,79.27,75,79,8.03,BF,1595804373
kysyl-syr,63.9,122.76,62.83,68,45,2.57,RU,1595804373
nishihara,26.18,127.76,82.4,88,75,10.29,JP,1595804278
chumikan,54.72,135.31,57.36,82,26,0.94,RU,1595804227
darhan,49.49,105.92,61.97,86,26,2.55,MN,1595804374
gombong,-7.61,109.51,70.2,92,51,2.82,ID,1595804374
namatanai,-3.67,152.43,83.82,70,100,5.1,PG,1595803985
cozumel,20.51,-86.95,86.0,79,90,6.93,MX,1595804374
sergeyevka,53.88,67.42,53.82,87,19,4.38,KZ,1595804374
zvishavane,-20.33,30.07,48.58,60,0,0.76,ZW,1595804375
petropavlovsk-kamchatskiy,53.05,158.65,66.2,68,76,2.24,RU,1595804375
tabuk,17.42,121.44,77.65,82,69,0.89,PH,1595804236
faya,18.39,42.45,69.8,72,40,5.82,SA,1595804015
san andres,12.58,-81.7,80.6,88,90,4.7,CO,1595804209
wolfen,51.67,12.28,61.0,87,73,3.36,DE,1595804376
burnie,-41.07,145.92,50.0,72,100,3.0,AU,1595804281
norman wells,65.28,-126.83,73.4,43,75,12.75,CA,1595803924
cape town,-33.93,18.42,53.01,71,20,9.17,ZA,1595803920
arona,28.1,-16.68,73.99,73,0,10.29,ES,1595804377
lucapa,-8.42,20.74,64.63,33,0,4.21,AO,1595804253
takoradi,4.88,-1.76,74.3,87,57,8.9,GH,1595804377
banfora,10.63,-4.77,73.85,90,17,4.27,BF,1595804377
sao filipe,14.9,-24.5,76.24,84,87,6.82,CV,1595804377
sapouy,11.55,-1.77,73.6,85,72,4.92,BF,1595804378
phitsanulok,16.92,100.5,74.8,95,100,2.75,TH,1595804378
trzebiatow,54.06,15.26,66.0,76,43,6.15,PL,1595804378
la ronge,55.1,-105.28,69.8,64,75,6.93,CA,1595804015
yumen,40.28,97.2,70.2,24,0,3.94,CN,1595804379
mount gambier,-37.83,140.77,48.2,81,75,10.29,AU,1595803971
shimoda,34.67,138.95,80.01,82,100,1.01,JP,1595804006
panguna,-6.32,155.48,78.49,73,94,3.06,PG,1595804379
kualakapuas,-3.01,114.39,77.0,94,20,2.24,ID,1595804380
tomohon,1.33,124.84,77.0,78,20,4.7,ID,1595803987
amalapuram,16.58,82.02,79.97,86,65,4.14,IN,1595804380
vostok,46.49,135.88,70.95,66,0,1.05,RU,1595803944
isiro,2.77,27.62,66.38,99,98,1.9,CD,1595804381
aklavik,68.22,-135.01,69.8,49,75,4.7,CA,1595804381
hasaki,35.73,140.83,82.0,83,75,10.29,JP,1595803994
madera,37.17,-119.83,100.99,22,0,1.01,US,1595804363
praia da vitoria,38.73,-27.07,77.0,83,75,5.59,PT,1595804002
karaidel,55.83,56.91,56.91,93,99,1.74,RU,1595804382
eyl,7.98,49.82,78.89,68,6,14.79,SO,1595804382
airai,-8.93,125.41,57.07,79,83,5.14,TL,1595803924
vorokhta,48.29,24.57,58.6,87,95,3.04,UA,1595804382
porto murtinho,-21.7,-57.88,70.16,54,100,1.54,BR,1595804383
salalah,17.02,54.09,78.8,94,75,3.36,OM,1595803983
lata,40.16,-8.33,66.99,78,0,1.01,PT,1595804383
kenai,60.55,-151.26,62.01,63,1,10.29,US,1595804383
batagay-alyta,67.8,130.41,61.9,41,97,12.39,RU,1595803984
san policarpo,12.18,125.51,80.37,84,30,3.31,PH,1595804384
pisco,-13.7,-76.22,64.4,72,75,8.05,PE,1595803927
nemuro,43.32,145.57,58.19,83,100,6.24,JP,1595803957
elk city,35.41,-99.4,95.0,39,40,11.41,US,1595804384
novoleushkovskaya,46.0,39.99,73.65,38,54,12.8,RU,1595804385
severo-kurilsk,50.68,156.12,52.36,88,100,17.07,RU,1595803937
shelburne,44.08,-80.2,87.8,55,20,10.29,CA,1595804385
northfield,44.46,-93.16,84.2,69,40,9.17,US,1595804121
bijie,27.31,105.29,61.29,75,0,5.1,CN,1595804385
balikpapan,-1.27,116.83,75.2,100,40,9.17,ID,1595804184
awjilah,29.11,21.29,78.13,59,0,12.91,LY,1595804386
pangai,-19.8,-174.35,78.8,69,40,16.11,TO,1595804386
santa ines,-3.67,-45.38,75.67,68,22,1.81,BR,1595804386
zharkent,44.16,80.0,71.64,46,76,2.77,KZ,1595804387
general pico,-35.66,-63.76,51.66,47,82,3.29,AR,1595804387
saint-francois,46.42,3.91,64.4,72,15,1.66,FR,1595803948
shingu,33.73,135.98,74.46,93,100,1.32,JP,1595804387
luderitz,-26.65,15.16,62.6,63,0,6.93,NA,1595803967
caucaia,-3.74,-38.65,80.6,74,20,17.22,BR,1595804388
olafsvik,64.89,-23.71,48.09,72,81,10.22,IS,1595803918
narsaq,60.92,-46.05,51.8,71,89,10.29,GL,1595803966
arraial do cabo,-22.97,-42.03,71.6,94,20,3.36,BR,1595803947
bambous virieux,-20.34,57.76,70.0,77,75,12.75,MU,1595803939
ormara,25.21,64.64,84.06,82,99,12.73,PK,1595804389
vysokogornyy,50.12,139.15,64.47,82,87,1.16,RU,1595804389
castro,-24.79,-50.01,56.52,91,98,3.78,BR,1595803920
sterling,39.01,-77.43,93.99,38,40,8.05,US,1595804390
arpasu de jos,45.78,24.62,64.4,100,20,3.11,RO,1595804390
carnarvon,-24.87,113.63,50.0,100,0,6.93,AU,1595803948
ugoofaaru,5.67,73.0,81.64,73,48,8.43,MV,1595804390
santiago del estero,-27.8,-64.26,58.98,35,0,6.15,AR,1595804391
pelym,61.01,62.0,54.63,83,26,5.01,RU,1595804391
kununurra,-15.77,128.73,64.4,29,9,5.82,AU,1595803969
fomboni,-12.28,43.74,77.04,73,100,17.16,KM,1595804391
taicheng,38.73,113.23,62.62,87,64,2.48,CN,1595804392
savonlinna,61.87,28.88,48.2,100,14,2.24,FI,1595804343
altay,47.87,88.12,60.93,49,34,1.79,CN,1595804392
turukhansk,65.82,87.98,50.04,75,81,13.49,RU,1595803967
posse,-14.09,-46.37,67.95,54,0,5.86,BR,1595804393
goma,-1.68,29.22,64.11,70,14,2.06,CD,1595804393
skibbereen,51.55,-9.27,57.2,100,75,10.29,IE,1595804393
ibra,22.69,58.53,82.24,63,97,3.24,OM,1595804285
vagur,61.47,-6.81,51.58,92,100,8.1,FO,1595804394
cherskiy,68.75,161.3,79.81,36,5,14.81,RU,1595803956
huarmey,-10.07,-78.15,63.1,77,2,8.57,PE,1595804394
necochea,-38.55,-58.74,50.0,74,100,7.0,AR,1595803973
san ramon,37.78,-121.98,90.0,17,1,14.99,US,1595804241
idil,37.34,41.89,79.88,21,0,4.12,TR,1595804395
tabou,4.42,-7.35,75.54,79,82,9.51,CI,1595804395
sitka,57.05,-135.33,57.2,82,90,10.29,US,1595803952
vila,42.03,-8.16,64.99,72,0,3.36,PT,1595804356
darvari,44.2,23.05,68.0,85,100,6.15,RO,1595804395
severnoye,56.35,78.36,53.22,90,62,2.91,RU,1595804396
thinadhoo,0.53,72.93,82.45,70,100,5.19,MV,1595804396
ilulissat,69.22,-51.1,44.6,93,100,3.36,GL,1595803934
quelimane,-17.88,36.89,64.4,93,0,2.24,MZ,1595804397
inirida,3.87,-67.92,75.65,94,94,1.52,CO,1595804397
surt,31.21,16.59,77.49,85,0,8.14,LY,1595804104
chipinge,-20.19,32.62,46.96,86,0,2.73,ZW,1595804397
manicore,-5.81,-61.3,84.2,79,69,2.24,BR,1595804398
placido de castro,-10.34,-67.19,73.35,59,82,1.63,BR,1595804398
bengkulu,-3.8,102.27,74.26,84,82,3.8,ID,1595803925
povenets,62.85,34.83,56.35,91,30,1.74,RU,1595804399
kathu,7.92,98.33,84.0,94,20,1.12,TH,1595804399
miraflores,19.22,-98.81,71.6,63,75,5.82,MX,1595804399
ponoka,52.68,-113.58,73.0,43,75,4.7,CA,1595804399
dawson,31.77,-84.45,93.2,46,1,5.82,US,1595804400
suoyarvi,62.08,32.35,51.82,93,0,1.68,RU,1595804400
nioro,13.35,-15.75,78.46,88,100,6.8,GM,1595804400
vestmannaeyjar,63.44,-20.27,52.09,86,100,4.07,IS,1595803985
dicabisagan,17.08,122.42,81.19,75,86,2.53,PH,1595804401
bonthe,7.53,-12.51,75.9,80,100,11.99,SL,1595804019
innisfail,-17.53,146.03,69.64,66,0,4.74,AU,1595804363
haicheng,40.85,122.75,71.67,83,100,2.68,CN,1595804402
san patricio,19.22,-104.7,89.6,75,40,11.41,MX,1595803951
watrous,51.67,-105.47,72.16,51,16,10.94,CA,1595804402
pudozh,61.81,36.53,55.08,94,0,2.3,RU,1595804403
kieta,-6.22,155.63,84.25,67,98,6.64,PG,1595804404
bubaque,11.28,-15.83,78.21,84,100,6.89,GW,1595804404
kangaatsiaq,68.31,-53.46,44.11,95,100,17.47,GL,1595804405
orshanka,56.92,47.89,55.06,96,8,4.41,RU,1595804405
portland,45.52,-122.68,100.0,14,1,16.11,US,1595803666
labuhan,-6.88,112.21,72.55,86,50,9.71,ID,1595804406
prata,-19.31,-48.92,69.89,42,0,5.7,BR,1595804021
tacoaleche,22.82,-102.42,60.8,87,90,6.93,MX,1595804407
maningrida,-12.07,134.27,69.76,59,69,15.86,AU,1595804407
lompoc,34.64,-120.46,70.0,60,9,16.11,US,1595804253
lebu,-37.62,-73.65,49.32,82,94,9.26,CL,1595803940
menongue,-14.66,17.69,50.72,51,0,4.07,AO,1595804408
doha,25.29,51.53,93.2,63,21,4.7,QA,1595803884
port blair,11.67,92.75,81.68,77,100,1.19,IN,1595804255
asau,46.43,26.4,59.0,88,89,3.31,RO,1595803982
caravelas,-17.71,-39.25,71.51,83,15,5.37,BR,1595803949
strelka,58.07,93.03,56.86,93,100,1.05,RU,1595804409
arkhara,49.42,130.08,71.56,87,99,8.16,RU,1595804022
asten,51.4,5.75,63.0,78,100,1.99,NL,1595804409
chengde,40.97,117.94,67.93,76,100,2.42,CN,1595804410
bojnurd,37.47,57.33,71.6,46,0,2.06,IR,1595804410
krasnoselkup,65.7,82.47,49.48,65,31,13.6,RU,1595804410
turkistan,43.0,68.0,74.95,40,0,7.63,KZ,1595804411
greytown,-29.06,30.59,48.27,89,86,4.94,ZA,1595804411
aconibe,1.3,10.94,66.4,99,97,2.48,GQ,1595804411
kindu,-2.95,25.95,72.0,42,0,1.01,CD,1595804411
provideniya,64.38,-173.3,48.2,81,40,15.66,RU,1595803938
makakilo city,21.35,-158.09,84.2,74,40,8.05,US,1595803930
moose jaw,50.4,-105.53,75.99,44,20,14.99,CA,1595804412
poronaysk,49.22,143.12,58.01,91,99,7.61,RU,1595804412
saldanha,-33.01,17.94,48.2,81,0,5.82,ZA,1595803950
ambilobe,-13.2,49.05,66.06,87,100,2.15,MG,1595803974
ranong,9.97,98.63,79.03,79,53,2.86,TH,1595804413
berbera,10.44,45.01,90.27,43,95,20.31,SO,1595804413
kanigoro,-8.13,112.22,67.8,90,19,4.18,ID,1595804413
pitimbu,-7.47,-34.81,73.4,94,20,5.82,BR,1595804414
russell,32.35,-85.2,87.8,78,75,4.7,US,1595803951
deer lake,49.17,-57.43,68.0,77,75,5.82,CA,1595804414
toro,4.61,-76.08,78.8,69,40,2.24,CO,1595804414
sal rei,16.18,-22.92,77.0,73,75,12.75,CV,1595804007
ahipara,-35.17,173.17,55.17,61,0,5.86,NZ,1595804003
pitkyaranta,61.57,31.48,55.71,87,6,1.81,RU,1595804415
mpanda,-6.37,31.04,60.13,64,32,1.7,TZ,1595804415
pljevlja,43.33,19.33,58.03,85,45,2.3,ME,1595804286
laguna,38.42,-121.42,99.0,22,5,6.93,US,1595804010
waingapu,-9.66,120.26,74.08,79,83,12.01,ID,1595804416
centralia,46.72,-122.95,90.0,33,1,13.87,US,1595804416
verkhoyansk,67.54,133.38,67.57,43,56,15.32,RU,1595804416
kingman,35.19,-114.05,104.0,11,1,9.17,US,1595804417
sao desiderio,-12.36,-44.97,74.21,44,27,5.19,BR,1595804417
nome,64.5,-165.41,62.01,76,75,13.87,US,1595803997
kulu,39.1,33.08,73.36,34,0,1.66,TR,1595804417
tete,-16.16,33.59,57.2,71,66,2.24,MZ,1595804418
mackenzie,55.3,-123.17,79.74,34,26,10.0,CA,1595804418
ola,59.58,151.28,58.46,78,20,8.05,RU,1595804418
kijang,35.24,129.21,75.2,83,75,5.82,KR,1595804418
monte alegre,-2.01,-54.07,81.66,64,29,4.03,BR,1595804419
koutiala,12.39,-5.46,77.95,79,17,8.57,ML,1595804419
ovsyanka,55.96,92.55,60.8,93,75,4.47,RU,1595804419
sakaraha,-22.9,44.53,55.22,63,0,0.87,MG,1595804420
rio grande,-32.03,-52.1,52.0,83,98,1.99,BR,1595803962
lavrentiya,65.58,-171.0,63.72,58,93,17.0,RU,1595803955
poum,-20.23,164.02,74.07,78,0,16.26,NC,1595803962
toamasina,-18.17,49.38,66.31,88,94,7.11,MG,1595804420
vanavara,60.34,102.28,55.8,83,100,7.54,RU,1595804421
victoria,22.29,114.16,86.0,74,37,8.01,HK,1595803691
zapodeni,46.75,27.65,69.8,60,86,3.36,RO,1595804421
tongren,27.72,109.19,73.72,90,100,2.26,CN,1595804421
aasiaat,68.71,-52.87,41.86,96,100,14.2,GL,1595804422
mahibadhoo,3.78,72.97,82.36,69,99,6.35,MV,1595803997
isangel,-19.55,169.27,77.0,83,40,11.41,VU,1595804422
thompson,55.74,-97.86,60.8,87,90,6.93,CA,1595803931
tashara,55.52,83.51,50.81,88,89,1.81,RU,1595804422
cascais,38.7,-9.42,68.0,74,0,21.25,PT,1595804423
jalu,29.03,21.55,78.84,55,0,11.9,LY,1595803985
tecoanapa,16.52,-98.75,86.38,62,92,7.92,MX,1595804423
karratha,-20.74,116.85,62.2,31,57,12.55,AU,1595804423
agirish,61.92,63.02,52.39,91,0,4.12,RU,1595804424
port hedland,-20.32,118.57,51.8,29,5,9.17,AU,1595803998
los llanos de aridane,28.66,-17.92,71.6,73,20,16.11,ES,1595803949
lydenburg,-25.1,30.46,46.99,54,0,3.0,ZA,1595804425
banda aceh,5.56,95.32,79.38,76,100,6.8,ID,1595803937
tuatapere,-46.13,167.68,39.0,83,0,3.0,NZ,1595804425
sobolevo,54.43,31.9,62.28,93,100,3.4,RU,1595803999
along,28.17,94.77,72.36,89,43,1.45,IN,1595803929
pilar,-9.6,-35.96,73.4,83,20,4.7,BR,1595804426
palmerston,-12.49,130.98,71.01,37,60,10.29,AU,1595804426
srednekolymsk,67.45,153.68,74.17,52,87,17.27,RU,1595804258
matagami,49.75,-77.63,84.2,62,40,2.35,CA,1595804427
indramayu,-6.33,108.32,73.87,79,53,7.65,ID,1595804427
haines junction,60.75,-137.51,58.66,49,21,13.58,CA,1595804003
weyburn,49.67,-103.85,77.0,40,0,18.99,CA,1595804376
sahuaripa,29.05,-109.23,97.65,36,31,4.03,MX,1595804005
malartic,48.13,-78.13,84.99,65,75,6.93,CA,1595804428
zhangye,38.93,100.45,72.66,22,94,7.52,CN,1595804428
kavieng,-2.57,150.8,83.32,75,100,8.25,PG,1595803923
kohima,25.67,94.12,64.83,100,100,1.19,IN,1595804428
namibe,-15.2,12.15,66.92,78,4,5.39,AO,1595803933
half moon bay,37.46,-122.43,77.0,60,5,10.29,US,1595803962
mumford,5.26,-0.76,74.86,87,42,12.53,GH,1595804429
alekseyevka,50.63,38.69,64.65,57,57,8.25,RU,1595804429
llata,-9.42,-76.78,50.4,72,57,4.54,PE,1595804430
keti bandar,24.14,67.45,85.37,78,7,9.98,PK,1595804004
pacific grove,36.62,-121.92,73.0,64,1,12.75,US,1595803931
atocha,-20.93,-66.23,36.45,55,0,6.26,BO,1595804269
magadan,59.57,150.8,59.61,71,1,6.55,RU,1595804237
lamu,-2.27,40.9,76.26,80,21,18.19,KE,1595804431
lasem,-6.69,111.45,71.55,83,61,6.51,ID,1595804431
taoudenni,22.68,-3.98,102.13,8,4,16.37,ML,1595804220
te anau,-45.42,167.72,42.62,76,17,0.16,NZ,1595804432
flin flon,54.77,-101.86,66.2,77,75,9.17,CA,1595803989
paita,-5.09,-81.11,64.9,79,36,16.49,PE,1595804432
payson,40.04,-111.73,95.0,16,40,8.05,US,1595804339
saint-augustin,51.23,-58.65,57.99,88,27,9.46,CA,1595803967
aguimes,27.91,-15.45,73.4,69,75,26.4,ES,1595804433
fairbanks,64.84,-147.72,68.0,49,1,9.17,US,1595803832
sakakah,29.97,40.21,100.4,13,0,4.7,SA,1595804251
marathon,44.9,-89.77,81.0,69,90,16.11,US,1595804433
vieques,18.43,-65.83,86.0,70,40,12.75,PR,1595804434
horta,38.53,-28.63,73.06,90,55,5.66,PT,1595804434
itarema,-2.92,-39.92,77.72,76,56,12.84,BR,1595804434
hamilton,39.18,-84.53,93.0,55,1,6.93,US,1595804434
bayonet point,28.33,-82.68,88.0,68,46,8.48,US,1595804435
nanga eboko,4.68,12.37,67.59,96,100,3.6,CM,1595804435
roseburg,43.22,-123.34,96.01,20,1,3.36,US,1595804435
santander,43.46,-3.8,72.0,88,1,2.24,ES,1595804409
entebbe,0.06,32.45,71.6,73,20,3.36,UG,1595804436
gizo,-8.1,156.84,82.56,76,68,7.65,SB,1595804436
riverton,40.52,-111.94,93.0,19,1,12.75,US,1595804436
kamen-na-obi,53.79,81.34,53.02,89,0,0.63,RU,1595804436
nuuk,64.18,-51.72,55.4,66,61,6.93,GL,1595804437
nova aurora,-22.87,-52.57,68.38,68,100,8.39,BR,1595804437
lerwick,60.15,-1.15,51.8,87,34,6.93,GB,1595804438
caala,-12.85,15.56,51.17,46,0,1.63,AO,1595804438
arucas,28.12,-15.52,73.4,69,75,26.4,ES,1595804438
coquimbo,-29.95,-71.34,59.0,67,59,4.7,CL,1595803944
hereford,52.06,-2.71,61.0,83,100,8.63,GB,1595803978
clovis,36.83,-119.7,102.0,20,20,6.93,US,1595804342
upata,8.01,-62.4,82.0,81,94,4.0,VE,1595804439
egvekinot,66.32,-179.17,61.39,73,70,6.78,RU,1595803986
beberibe,-4.18,-38.13,80.6,74,20,17.22,BR,1595804439
anadyr,64.75,177.48,68.0,72,20,11.18,RU,1595803996
castanos,26.78,-101.42,68.65,91,100,12.53,MX,1595804440
georgiyevka,43.04,74.71,69.8,73,75,11.18,KZ,1595804440
atar,20.52,-13.05,92.32,31,0,11.9,MR,1595803939
sayat,38.78,63.88,82.4,30,0,11.41,TM,1595804440
taft,31.75,54.21,91.4,17,20,4.7,IR,1595804441
talas,38.69,35.55,66.2,48,0,8.05,TR,1595804441
boyolangu,-8.12,111.89,71.17,88,66,4.63,ID,1595803971
moron,-34.65,-58.62,57.99,54,7,1.01,AR,1595804008
tiarei,-17.53,-149.33,84.2,66,75,17.22,PF,1595804442
kyra,49.58,111.98,62.55,89,96,3.78,RU,1595804016
riberalta,-10.98,-66.1,75.2,52,63,2.24,BO,1595804442
paso de los toros,-32.82,-56.52,47.34,87,32,8.12,UY,1595804443
west bay,19.37,-81.42,87.8,70,20,17.22,KY,1595804443
harper,4.38,-7.72,76.15,77,87,9.51,LR,1595804349
camacha,33.08,-16.33,69.8,68,40,12.75,PT,1595804263
vihti,60.42,24.32,59.0,75,69,7.0,FI,1595804444
ostrovnoy,68.05,39.51,58.33,79,87,3.89,RU,1595803961
luganville,-15.53,167.17,80.6,78,75,8.05,VU,1595803950
coihaique,-45.58,-72.07,33.8,59,40,4.7,CL,1595803683
cam ranh,11.92,109.16,80.6,83,20,4.7,VN,1595804444
antalaha,-14.9,50.28,68.23,90,100,9.78,MG,1595804445
sevilla,37.38,-5.98,84.99,45,0,12.75,ES,1595804183
sibolga,1.74,98.78,76.44,76,100,3.65,ID,1595804445
quzhou,28.96,118.87,80.19,84,100,0.78,CN,1595804445
limbang,4.75,115.0,78.8,88,75,5.82,MY,1595804446
northam,51.03,-4.22,60.01,95,100,8.01,GB,1595804446
shenjiamen,29.96,122.3,78.67,92,100,16.6,CN,1595804446
hofn,64.25,-15.21,48.52,69,100,9.69,IS,1595803927
maniitsoq,65.42,-52.9,47.44,86,72,3.67,GL,1595804447
luanda,-8.84,13.23,71.6,88,100,8.05,AO,1595803890
longyearbyen,78.22,15.64,59.0,72,40,4.7,SJ,1595803987
panzhihua,26.59,101.71,68.76,82,84,1.81,CN,1595804447
kyzyl-suu,42.34,78.0,60.42,73,100,2.98,KG,1595804447
uchaly,54.3,59.45,52.93,97,81,6.62,RU,1595804448
hovd,48.01,91.64,63.23,43,0,7.67,MN,1595804448
bereda,43.27,-7.54,62.01,99,0,1.99,ES,1595804448
zhigansk,66.77,123.37,50.05,66,1,11.43,RU,1595803941
north bend,43.41,-124.22,84.99,68,1,11.41,US,1595803639
buchanan,5.88,-10.05,75.34,78,78,7.47,LR,1595804449
beisfjord,68.38,17.6,64.4,55,38,10.29,NO,1595804449
mangrol,21.12,70.12,82.89,82,1,9.04,IN,1595804449
beloha,-25.17,45.05,58.68,51,0,6.31,MG,1595804449
tadine,-21.55,167.88,74.44,73,14,15.84,NC,1595804271
aykhal,66.0,111.5,35.6,100,90,8.95,RU,1595804450
santa rita,-7.11,-34.98,73.4,94,20,5.82,BR,1595804450
sarab,38.61,44.99,76.6,32,0,0.27,IR,1595804450
ubatuba,-23.43,-45.07,68.77,83,67,1.92,BR,1595804222
tarko-sale,64.92,77.78,48.99,81,31,13.29,RU,1595804451
sisimiut,66.94,-53.67,46.4,87,100,6.11,GL,1595804451
boguchany,58.38,97.45,56.03,91,92,2.91,RU,1595804451
santa margherita ligure,44.33,9.21,71.01,73,4,1.01,IT,1595804451
sawtell,-30.38,153.1,64.99,59,56,10.29,AU,1595804451
xining,36.62,101.77,56.75,55,51,3.13,CN,1595804440
newport,51.59,-3.0,62.01,89,100,1.99,GB,1595804452
richards bay,-28.78,32.04,65.34,75,38,11.5,ZA,1595803942
morondava,-20.28,44.28,66.97,61,0,8.86,MG,1595804452
miles city,46.41,-105.84,87.8,18,1,8.05,US,1595804452
santa barbara,34.42,-119.7,84.99,64,1,13.87,US,1595804180
suez,29.97,32.53,75.49,79,0,9.86,EG,1595804453
sola,-13.88,167.55,80.6,88,90,5.82,VU,1595804010
te karaka,-38.47,177.87,54.3,59,23,0.94,NZ,1595804453
khorixas,-20.37,14.97,54.68,45,0,3.53,NA,1595804453
eureka,40.8,-124.16,66.99,72,90,5.82,US,1595804454
beboto,8.27,16.94,68.74,97,87,2.86,TD,1595804454
alvorada,-12.48,-49.12,74.62,36,0,3.6,BR,1595804454
channel-port aux basques,47.57,-59.14,61.75,96,100,5.55,CA,1595804009
mayo,38.89,-76.51,93.2,41,1,5.82,US,1595803938
san fernando,15.03,120.69,80.6,88,75,4.7,PH,1595804455
makhachkala,42.98,47.5,73.0,83,21,4.47,RU,1595804314
batticaloa,7.71,81.69,80.44,76,100,3.4,LK,1595804455
villa bruzual,9.33,-69.12,75.97,95,100,2.06,VE,1595804455
bilma,18.69,12.92,94.17,15,17,10.45,NE,1595803941
aswan,24.09,32.91,90.9,13,0,11.77,EG,1595804267
tateyama,34.98,139.87,80.01,100,91,7.0,JP,1595804456
biloela,-24.42,150.5,57.45,57,30,4.92,AU,1595804406
el rosario,24.26,-107.18,91.99,75,61,8.01,MX,1595804456
nagai,38.1,140.03,73.99,96,74,2.28,JP,1595804457
axim,4.87,-2.24,74.88,85,78,9.42,GH,1595804457
kosa,59.94,55.0,60.37,67,100,3.06,RU,1595804457
westport,41.14,-73.36,93.2,34,1,16.11,US,1595803683
kjollefjord,70.95,27.35,59.36,69,3,10.54,NO,1595804458
curumani,9.2,-73.54,79.77,86,95,1.28,CO,1595804458
burriana,39.89,-0.09,78.01,67,0,0.63,ES,1595804458
durban,-29.86,31.03,64.4,68,40,16.11,ZA,1595804414
akyab,20.15,92.9,82.08,85,100,5.7,MM,1595804459
saint peters,38.8,-90.63,95.0,49,40,4.7,US,1595804345
broome,42.25,-75.83,84.99,54,20,8.05,US,1595804459
allapalli,19.42,80.07,77.56,83,18,1.41,IN,1595804459
laem sing,12.48,102.07,84.0,92,56,4.09,TH,1595804459
bridlington,54.08,-0.19,62.6,72,52,9.17,GB,1595804460
charters towers,-20.1,146.27,61.79,39,0,11.23,AU,1595804460
severo-yeniseyskiy,60.37,93.04,49.55,95,0,0.81,RU,1595804018
tchibanga,-2.85,11.03,68.43,86,64,4.14,GA,1595804460
bahia honda,22.9,-83.16,85.1,75,100,6.24,CU,1595804461
sortland,68.69,15.42,64.4,55,23,10.29,NO,1595804461
margate,51.38,1.39,64.0,81,92,1.99,GB,1595804461
sur,22.57,59.53,87.46,62,94,11.41,OM,1595804461
timizart,36.8,4.27,80.44,33,0,6.53,DZ,1595804461
parabel,58.7,81.48,54.81,84,89,4.12,RU,1595804462
tahe,52.33,124.73,69.98,93,93,4.65,CN,1595803986
malakal,9.53,31.66,72.63,94,100,4.61,SS,1595804462
iwakuni,34.15,132.18,75.99,94,90,2.35,JP,1595804462
petawawa,45.9,-77.33,87.8,52,90,6.69,CA,1595804428
mildura,-34.2,142.15,48.2,100,90,8.05,AU,1595803998
natchez,31.56,-91.4,82.4,74,1,10.29,US,1595804463
almaznyy,48.04,40.05,78.8,26,34,15.66,RU,1595804463
dzhebariki-khaya,62.22,135.8,66.07,80,71,3.76,RU,1595804463
clyde river,70.47,-68.59,46.4,81,1,6.93,CA,1595803918
barbate,36.19,-5.92,71.01,54,11,9.62,ES,1595804464
komsomolskiy,40.43,71.72,71.6,64,75,4.7,UZ,1595803991
bang saphan,11.21,99.51,76.59,89,96,3.27,TH,1595804464
tytuvenai,55.6,23.2,60.8,77,0,5.82,LT,1595804464
tame,6.46,-71.73,74.79,90,85,1.68,CO,1595804408
horsham,51.06,-0.33,62.01,87,100,6.93,GB,1595804282
lobito,-12.35,13.55,69.1,84,34,4.81,AO,1595804466
eskil,38.4,33.41,74.93,29,0,6.78,TR,1595804466
iguape,-24.71,-47.56,65.61,83,88,6.67,BR,1595804466
